2	0.241037	299	534.786
2	0.138108	0	553.984
2	0.137853	0	546.539
2	0.138024	0	548.731
2	0.138089	0	544.577
2	0.131885	0	539.488
2	0.223657	299	527.431
2	0.248994	299	530.046
2	0.252152	299	538.038
2	0.222337	299	522.897
2	0.240765	299	522.13
2	0.145196	299	521.02
2	0.145691	299	529.635
2	0.14863	299	517.562
2	0.161899	299	650.987
2	0.145752	299	530.713
2	0.158824	299	532.287
2	0.120288	0	1185.85
2	0.102277	0	1126.47
2	0.102983	0	1138.88
2	0.109448	0	1163.98
2	0.110786	0	1151.98
2	0.179384	0	1141.29
