2	0.245041	273	511.803
2	0.135272	0	558.841
2	0.135643	0	562.273
2	0.138057	0	553.622
2	0.135173	0	557.716
2	0.137971	0	546.376
2	0.143464	0	544.721
2	0.221707	273	510.652
2	0.249356	273	516.129
2	0.25466	273	514.57
2	0.223159	273	501.598
2	0.240715	273	510.912
2	0.144722	273	506.619
2	0.1459	273	513.909
2	0.145065	273	508.888
2	0.163178	273	519.734
2	0.145093	273	513.717
2	0.145323	273	501.779
2	0.155791	273	512.182
2	0.113529	0	1129.61
2	0.100245	0	1074.53
2	0.099909	0	1088.96
2	0.101558	0	1093.42
2	0.101697	0	1084.6
2	0.110285	0	1123.62
2	0.109708	0	1081.98
2	0.113513	0	1084.47
2	0.174794	0	1098.7
