2	0.252763	271	539.351
2	0.135906	0	552.271
2	0.136264	0	546.809
2	0.136218	0	540.032
2	0.136082	0	546.043
2	0.135506	0	538.768
2	0.228844	271	546.728
2	0.256598	271	539.633
2	0.257536	271	545.754
2	0.226757	271	533.823
2	0.246523	271	540.261
2	0.150522	271	538.567
2	0.149209	271	545.377
2	0.147492	271	539.821
2	0.162229	271	552.451
2	0.148484	271	544.491
2	0.161203	271	544.879
2	0.120033	0	1156.95
2	0.100412	0	1101.05
2	0.10382	0	1100.14
2	0.100206	0	1119.04
2	0.117435	0	1145.26
2	0.107538	0	1106.2
2	0.172836	0	1126.85
