2	0.240839	280	534.717
2	0.135615	0	515.311
2	0.135752	0	507.521
2	0.135641	0	514.049
2	0.135537	0	512.181
2	0.130037	0	512.782
2	0.132721	0	508.869
2	0.228576	280	526.144
2	0.256113	280	536.516
2	0.25647	280	535.906
2	0.227135	280	521.346
2	0.246992	280	532.646
2	0.14878	280	526.926
2	0.150061	280	530.282
2	0.161892	280	528.978
2	0.16367	280	546.107
2	0.149148	280	530.452
2	0.147631	280	522.907
2	0.160778	280	538.747
2	0.12794	1	1121.96
2	0.119328	1	1113.94
2	0.110994	1	1085.23
2	0.110687	1	1067.02
2	0.111605	1	1083.75
2	0.112376	1	1062.87
2	0.211597	1	1107.45
2	0.117683	1	1071.92
2	0.119228	1	1075.71
2	0.141229	1	1101.1
