2	0.243013	304	576.344
2	0.134931	0	533.387
2	0.134838	0	533.442
2	0.135095	0	533.882
2	0.135243	0	532.075
2	0.135077	0	541.708
2	0.134921	0	550.626
2	0.235841	304	572.186
2	0.262743	304	565.848
2	0.25934	304	576.656
2	0.235563	304	556.608
2	0.249735	304	564.04
2	0.159088	304	557.251
2	0.158601	304	566.841
2	0.158135	304	569.146
2	0.164347	304	573.378
2	0.159079	304	573.171
2	0.161637	304	557.538
2	0.117494	0	1155.11
2	0.100699	0	1107.3
2	0.100792	0	1111.76
2	0.100862	0	1114.09
2	0.114751	0	1145.72
2	0.10981	0	1094.74
2	0.182305	0	1104.37
2	0.172881	0	1113.61
