2	0.242694	280	566.601
2	0.132736	0	557.759
2	0.133809	0	553.08
2	0.135398	0	537.032
2	0.133223	0	548.749
2	0.133119	0	554.409
2	0.130085	0	737.667
2	0.226958	280	563.512
2	0.283204	280	755.75
2	0.286551	280	717.362
2	0.226255	280	785.065
2	0.276647	280	856.586
2	0.148307	280	786.364
2	0.148545	280	788.273
2	0.148325	280	569.244
2	0.191468	280	745.07
2	0.150058	280	864.784
2	0.148212	280	585.84
2	0.192315	280	711.341
2	0.123947	1	1260.59
2	0.329291	1	4368.64
2	0.284243	1	4380.13
2	0.3166	1	4326.5
2	0.122419	1	1223.53
2	0.122506	1	1221.54
2	0.112174	1	1174.78
2	0.111169	1	1176.27
2	0.110947	1	1192.26
2	0.111305	1	1191.15
2	0.112131	1	1179.29
2	0.116291	1	1175.87
2	0.118358	1	1220.6
2	0.119056	1	1511.96
2	0.117178	1	1196.09
2	0.116265	1	1440.91
2	0.11747	1	1173.55
2	0.122878	1	1418.59
2	0.138468	1	1193.47
2	0.171851	1	1352.46
