2	0.2789	304	521.99
2	0.274924	304	519.448
2	0.27908	304	531.166
2	0	313	526.316
2	0	313	530.565
2	0	313	507.901
2	0	313	526.088
2	0	313	537.791
2	475.197	313	534.008
2	0.244583	313	528.824
2	0.122063	313	531.178
2	0.110447	313	530.165
2	0.110305	303	535.867
2	0.153766	314	535.255
2	0.104219	300	565.554
2	0.114668	294	555.745
2	0.102873	299	574.367
2	0.109924	303	560.694
2	0.111648	301	553.267
2	0.144466	304	561.437
2	0.153875	304	563.819
2	0.150172	304	553.208
2	0.168319	304	556.876
2	0.179857	304	555.626
2	0.152681	304	562.577
2	0.002508	304	568.095
2	0.000855	304	572.641
2	0.000893	304	572.526
2	0.150103	304	575.791
2	0.150781	304	572.705
