2	0.249128	299	543.999
2	0	314	518.573
2	0	314	517.659
2	0	314	522.755
2	0	314	517.833
2	0	314	534.59
2	723.392	314	523.915
2	0.244805	314	525.293
2	0.122323	314	552.597
2	0.0902587	314	526.632
2	0.103439	297	553.056
2	0.106819	290	551.257
2	0.100061	297	563.555
2	0.101849	303	549.539
2	0.109511	298	549.57
2	0.152529	299	558.063
2	0.159326	299	549.088
2	0.152266	299	541.42
2	0.170789	299	543.161
2	0.176857	299	551.844
2	0.15563	299	550.822
2	0.000275	299	552.844
2	0.000297	299	561.131
2	0.001112	299	558.74
2	0.155974	299	563.994
