2	0.255452	280	507.035
2	0.261548	280	511.083
2	0.263545	280	509.467
2	0	289	506.623
2	0	289	517.369
2	0	289	503.193
2	0	289	509.671
2	0	289	528.483
2	0	289	511.505
2	224.767	289	528.77
2	0.243516	289	532.406
2	0.123402	289	522.125
2	0.0905337	289	521.514
2	0.0882257	289	526.235
2	0.0982673	289	527.229
2	0.086229	280	534.712
2	0	280	547.345
2	0	280	550.762
2	0	282	534.945
2	0	284	551.107
2	0	282	551.192
2	0.032801	282	560.332
2	0.120634	280	551.811
2	0.161343	280	547.21
2	0.131231	280	544.147
2	0.114176	280	550.969
2	0.11632	282	547.114
2	0.109522	280	553.339
2	0.111181	280	554.713
2	0.113991	282	558.894
2	0.133286	280	558.541
2	0.1344	280	558.024
2	0.135742	280	541.211
2	0.135596	280	538.308
2	0.138925	280	548.136
2	0.13793	280	565.797
2	0.133404	280	587.031
2	0.15524	280	577.494
2	0.000873	280	567.56
2	0.000719	280	569.525
2	0.000485	280	562.715
2	0.161403	280	562.037
2	0.151695	280	553.804
2	0.152681	280	556.331
2	0.141706	280	559.34
2	0.135112	280	559.789
