2	0.25522	271	527.152
2	0.261876	271	514.553
2	0.262353	271	524.543
2	0	295	527.815
2	0	295	525.405
2	0	295	525.094
2	0	295	519.875
2	0	295	538.575
2	599.412	295	537.956
2	0.243062	295	534.229
2	0.121985	295	532.829
2	0.109589	295	528.17
2	0.107856	273	538.766
2	0.100947	273	545.731
2	0.105912	280	554.8
2	0.100676	270	561.56
2	0.104169	269	551.095
2	0.10136	271	561.552
2	0.148325	271	551.431
2	0.176374	271	542.951
2	0.149994	271	545.324
2	0.154202	271	558.888
2	0.16728	271	553.979
2	0.147875	271	549.344
2	0.000425	271	563.586
2	0.000272	271	569.778
2	0.000221	271	553.81
2	0.165993	271	566.866
