2	0.25725	280	771.397
2	0.26241	280	560.443
2	0.263565	280	561.35
2	0	289	585.104
2	0	289	599.037
2	0	289	577.98
2	0	289	573.898
2	0	289	584.138
2	0	289	568.488
2	0	289	590.505
2	0	289	570.702
2	0	289	569.957
2	0	289	556.396
2	0	289	565.83
2	0	289	556.808
2	0	289	573.628
2	0	289	570.405
2	92.7627	289	577.314
2	104.311	289	572.104
2	0.289881	289	575.735
2	0.288466	289	586.183
2	0.137724	289	589.441
2	0.089342	289	627.196
2	0.144589	289	574.188
2	0.128949	289	578.453
2	0.114246	289	597.527
2	0.112517	289	576.116
2	0.139574	289	579.151
2	0.111536	289	585.375
2	0.102138	280	588.252
2	0.0890597	280	602.161
2	0	280	600.706
2	0	278	729.248
2	0	278	618.583
2	0	276	626.707
2	0	278	623.376
2	0.0350715	278	627.973
2	0.136481	278	617.56
2	0.178046	278	611.505
2	0.144167	278	593.964
2	0.142779	278	611.807
2	0.140092	278	620.571
2	0.143412	278	624.459
2	0.134338	278	626.86
2	0.133993	278	632.064
2	0.135008	278	622.986
2	0.13968	280	611.544
2	0.136366	280	612.71
2	0.13483	280	592.649
2	0.137554	280	584.022
2	0.000676123	124	604.163
2	0.137391	280	627.338
2	0.137334	280	607.51
2	0.139173	280	734.05
2	0.255776	280	663.025
2	0.13659	280	617.288
2	0.134529	280	614.152
2	0.164224	280	613.94
2	0.165735	279	629.734
2	0.182398	280	644.667
2	0.000911	280	632.019
2	0.002615	280	625.277
2	0.000756	280	644.033
2	0.001133	280	627.102
2	0.141467	280	614.323
2	0.138964	280	629.594
2	0.139276	280	612.079
2	0.135759	280	616.942
2	0.140387	280	736.976
