2	0.250388	273	534.8
2	0.25409	273	515.991
2	0.25682	273	512.216
2	0	330	512.801
2	0	330	515.629
2	0	330	508.294
2	0	330	516.537
2	0	330	521.987
2	350.154	330	517.949
2	0.243832	330	515.359
2	0.122674	330	515.081
2	0.111797	330	519.688
2	0.108289	289	513.944
2	0.154003	328	515.232
2	0.0839653	273	519.173
2	0	273	532.834
2	0	270	522
2	0.103286	274	529.842
2	0.105118	273	534.096
2	0.118674	273	519.668
2	0.101701	275	539.956
2	0.106352	272	534.975
2	0.106539	272	523.977
2	0.15151	273	525.124
2	0.151711	273	520.272
2	0.1517	273	523.037
2	0.164877	273	524.897
2	0.174652	273	524.453
2	0.153467	273	533.328
2	0.000496	273	544.433
2	0.000367	273	543.74
2	0.000944	273	532.163
2	0.155008	273	533.862
2	0.143092	273	536.524
2	0.154767	273	538.215
