1	0.08577	0	191.729
2	0.102042	0	322.98
3	0.113999	0	418.616
4	0.132676	0	589.587
5	0.137567	0	703.439
6	0.142431	0	792.935
1	0.15456	10000	271.48
2	0.162131	10000	336.784
3	0.164244	8565	444.759
4	0.182408	280	560.808
5	0.182789	3	661.481
6	0.190987	0	757.443
7	0.197296	0	871.327
8	0.21488	0	992.726
9	0.224877	0	1111.53
1	0.15384	10000	250.861
2	0.172405	10000	336.29
3	0.161851	8565	431.859
4	0.184508	280	553.696
5	0.182623	3	658.773
6	0.18746	0	751.255
7	0.201637	0	867.73
8	0.213085	0	985.382
9	0.223796	0	1095.67
