2	0.132227	0	548.459
2	0.130042	0	559.582
2	0.130068	0	571.42
2	0.135685	0	551.902
2	0.035102	136	613.178
2	0.035258	136	593.023
2	0.000173	136	600.985
2	0.000181	136	624.732
2	0.181913	136	581.33
2	0.180418	136	589.851
2	0.202782	136	653.02
2	0.202759	136	647.276
2	0.180671	136	594.049
2	0.199341	136	597.262
2	0.17772	136	594.295
2	0.180911	280	595.465
2	0.180092	280	591.25
2	0.182022	280	591.454
2	0.259647	280	542.393
2	0.809362	1141	2085.05
2	0.463708	1141	2201.73
2	1.52977	2327	4188.6
2	0.813719	2327	4302.74
2	2.80367	4385	7682.16
2	12.3152	28060	54837.7
2	5.73086	8710	15540.4
2	5.58215	8710	15663.7
2	0.258004	280	552.828
2	0.182779	280	609.462
2	0.184662	280	610.264
2	0.183322	280	597.435
2	0.182787	280	597.602
2	0.18319	280	608.252
2	0.21233	280	767.121
2	0.184557	280	631.456
2	0.182862	280	621.482
2	0.184189	280	629.763
2	0.183822	280	608.511
2	0.214801	280	641.102
2	0.185319	280	602.015
2	0.278492	280	622.309
2	0.191774	280	621.375
